4.448969364166259766e-01
1.939397305250167847e-01
9.405494332313537598e-01
6.574232131242752075e-02
7.197841256856918335e-02
2.987028658390045166e-01
9.177201390266418457e-01
4.730144143104553223e-01
5.483084917068481445e-01
6.436870992183685303e-02
2.982262521982192993e-02
9.471048712730407715e-01
1.135002374649047852e-01
7.418230772018432617e-01
1.807551980018615723e-01
6.417081505060195923e-02
5.506296828389167786e-02
8.578942716121673584e-02
8.122062087059020996e-01
3.226920962333679199e-01
2.598099112510681152e-01
4.928382039070129395e-01
4.925399124622344971e-01
7.631095051765441895e-01
4.361870586872100830e-01
3.160687088966369629e-01
2.773628234863281250e-01
4.101159051060676575e-02
5.283681750297546387e-01
5.935469642281532288e-02
4.178018867969512939e-01
2.918466739356517792e-02
1.522523313760757446e-01
3.021057695150375366e-02
8.226416260004043579e-02
1.438100337982177734e-01
6.413159966468811035e-01
1.018328964710235596e-02
4.368024691939353943e-02
3.276960551738739014e-02
5.605440735816955566e-01
3.008103966712951660e-01
2.831765636801719666e-02
1.027934029698371887e-01
1.719202548265457153e-01
2.711305208504199982e-02
8.274557441473007202e-02
7.590890675783157349e-02
6.722461581230163574e-01
5.676725879311561584e-02
9.166958928108215332e-02
4.174819290637969971e-01
1.067554652690887451e-01
5.408416986465454102e-01
5.464692413806915283e-02
1.257559061050415039e-01
9.004116654396057129e-01
8.230582624673843384e-02
1.378269940614700317e-01
1.022973954677581787e-01
