7.574366331100463867e-01
7.652958482503890991e-02
7.288827300071716309e-01
1.753443181514739990e-01
1.141338869929313660e-01
7.371985912322998047e-02
7.472870945930480957e-01
3.398011326789855957e-01
6.460537910461425781e-01
2.534681856632232666e-01
3.801250457763671875e-02
8.390088677406311035e-01
3.819656074047088623e-01
3.238682448863983154e-01
2.767911553382873535e-01
8.616703748703002930e-02
2.582881152629852295e-01
1.510142683982849121e-01
4.360155463218688965e-01
2.623147070407867432e-01
5.201211571693420410e-01
4.929709136486053467e-01
5.532572865486145020e-01
3.677205145359039307e-01
1.628745347261428833e-01
2.802737057209014893e-01
2.532108128070831299e-01
1.642831116914749146e-01
1.845394372940063477e-01
7.500437647104263306e-02
4.163178503513336182e-01
1.061266735196113586e-01
1.095398962497711182e-01
3.555612638592720032e-02
3.786837682127952576e-02
3.298177123069763184e-01
5.011586546897888184e-01
2.044158242642879486e-02
1.437710225582122803e-01
3.315754234790802002e-02
4.157592058181762695e-01
9.837835282087326050e-02
3.953569382429122925e-02
1.477872878313064575e-01
1.680096089839935303e-01
6.797714531421661377e-02
2.232020050287246704e-01
6.689072400331497192e-02
2.026490718126296997e-01
5.455343797802925110e-02
6.815147995948791504e-01
1.174901947379112244e-01
9.768311679363250732e-02
7.429387569427490234e-01
9.894877672195434570e-02
4.246264323592185974e-02
8.644531369209289551e-01
1.357011348009109497e-01
6.976467370986938477e-02
1.187961921095848083e-01
