6.986579895019531250e-01
9.485425055027008057e-02
2.448439449071884155e-01
8.795757591724395752e-02
1.550275832414627075e-01
2.291109114885330200e-01
9.466540217399597168e-01
1.192319169640541077e-01
4.187513589859008789e-01
3.220286667346954346e-01
2.535543963313102722e-02
8.231427073478698730e-01
3.752748072147369385e-01
5.867387652397155762e-01
5.612416863441467285e-01
9.590630978345870972e-02
1.826086938381195068e-01
3.414187431335449219e-01
6.929732561111450195e-01
5.061619281768798828e-01
6.231185793876647949e-01
5.369609594345092773e-01
7.248179316520690918e-01
6.092343926429748535e-01
2.540917396545410156e-01
2.648833692073822021e-01
5.586628913879394531e-01
8.045185357332229614e-02
1.902962625026702881e-01
4.367960616946220398e-02
3.758037984371185303e-01
7.631988823413848877e-02
1.892632804811000824e-02
1.911953277885913849e-02
1.102325022220611572e-01
9.619220346212387085e-02
5.413806438446044922e-01
1.147663779556751251e-02
3.749742358922958374e-02
2.613261342048645020e-02
7.251777052879333496e-01
9.642624109983444214e-02
3.975404426455497742e-02
1.486343592405319214e-01
5.526905879378318787e-02
1.846955530345439911e-02
6.919813156127929688e-01
1.822037547826766968e-01
5.497643351554870605e-01
3.177504986524581909e-02
6.398596167564392090e-01
2.876436114311218262e-01
1.028301119804382324e-01
4.685442447662353516e-01
1.578593812882900238e-02
6.593720316886901855e-01
9.521124958992004395e-01
1.011291667819023132e-01
2.865295484662055969e-02
1.190017163753509521e-01
