6.441181302070617676e-01
7.937230169773101807e-02
5.122247934341430664e-01
1.101022660732269287e-01
1.386475265026092529e-01
2.024698108434677124e-01
9.082803130149841309e-01
7.681392133235931396e-02
4.928178787231445312e-01
3.259483277797698975e-01
5.295416712760925293e-02
9.123584032058715820e-01
2.313693612813949585e-01
5.687118172645568848e-01
2.876488268375396729e-01
1.085320711135864258e-01
2.697242498397827148e-01
2.240866869688034058e-01
7.291588783264160156e-01
3.403064310550689697e-01
4.931350648403167725e-01
1.820383667945861816e-01
5.315104126930236816e-01
5.869702696800231934e-01
3.801376819610595703e-01
4.641611501574516296e-02
2.641668021678924561e-01
3.478549420833587646e-02
6.065430641174316406e-01
2.212118208408355713e-01
3.739122748374938965e-01
5.674257501959800720e-02
3.119536675512790680e-02
2.430260926485061646e-02
7.523792237043380737e-02
1.129784435033798218e-01
6.966232061386108398e-01
1.850028522312641144e-02
9.840140491724014282e-02
1.326274424791336060e-01
7.874191999435424805e-01
1.139623224735260010e-01
4.590743407607078552e-02
4.033010900020599365e-01
2.278182506561279297e-01
2.332898043096065521e-02
3.312950730323791504e-01
1.192449703812599182e-01
5.403344035148620605e-01
1.157121881842613220e-01
1.715233325958251953e-01
9.093177318572998047e-02
8.718147128820419312e-02
7.859267592430114746e-01
9.447660297155380249e-02
1.167236045002937317e-01
9.347691535949707031e-01
5.185230076313018799e-02
3.914729505777359009e-02
1.721444725990295410e-01
