4.656034111976623535e-01
1.627901494503021240e-01
8.753689527511596680e-01
4.811344295740127563e-02
4.421871528029441833e-02
5.861276388168334961e-01
9.391537904739379883e-01
2.428057938814163208e-01
3.601678609848022461e-01
2.751165032386779785e-01
3.727803379297256470e-02
9.202514290809631348e-01
3.034057319164276123e-01
6.077999472618103027e-01
2.927717566490173340e-01
8.026278018951416016e-02
1.105944514274597168e-01
2.420149445533752441e-01
7.417551279067993164e-01
1.722970008850097656e-01
6.356810331344604492e-01
3.921591043472290039e-01
5.772271752357482910e-01
6.759262084960937500e-01
3.245166540145874023e-01
7.171115279197692871e-02
2.146856039762496948e-01
3.409938886761665344e-02
3.338797092437744141e-01
5.367105454206466675e-02
4.256854355335235596e-01
2.110102325677871704e-01
4.045264422893524170e-02
2.552589960396289825e-02
1.151895597577095032e-01
2.607439458370208740e-01
5.456804633140563965e-01
1.979133300483226776e-02
3.280303627252578735e-02
4.286150634288787842e-02
9.495738148689270020e-01
2.868824005126953125e-01
6.307431310415267944e-02
3.181137144565582275e-01
4.497631490230560303e-01
3.111534751951694489e-02
3.225938677787780762e-01
5.194070190191268921e-02
7.088345885276794434e-01
3.384605944156646729e-01
1.224574819207191467e-01
1.957749426364898682e-01
1.755481809377670288e-01
6.021014451980590820e-01
9.915403276681900024e-02
3.634821474552154541e-01
7.863164544105529785e-01
1.753900200128555298e-01
1.205188259482383728e-01
1.537893861532211304e-01
