7.439436912536621094e-01
2.972376942634582520e-01
5.852507948875427246e-01
1.834013164043426514e-01
3.647527471184730530e-02
1.915678679943084717e-01
9.728794097900390625e-01
2.700399756431579590e-01
4.452790319919586182e-01
5.136429145932197571e-02
1.113665997982025146e-01
8.744888901710510254e-01
4.705713391304016113e-01
3.786898255348205566e-01
3.085156381130218506e-01
4.320940747857093811e-02
8.151733130216598511e-02
2.203467488288879395e-01
5.154170393943786621e-01
3.603619337081909180e-01
6.182274818420410156e-01
2.951406240463256836e-01
7.646194696426391602e-01
4.591376781463623047e-01
9.278547018766403198e-02
1.091737598180770874e-01
4.935814440250396729e-01
5.190347507596015930e-02
2.434839457273483276e-01
5.340018495917320251e-02
4.087841212749481201e-01
2.847799658775329590e-02
2.411731146275997162e-02
2.626205980777740479e-02
5.725308880209922791e-02
2.044835239648818970e-01
4.433332383632659912e-01
1.372732222080230713e-02
9.720598906278610229e-02
4.192542657256126404e-02
7.702464461326599121e-01
5.949053764343261719e-01
2.649090439081192017e-02
1.324576288461685181e-01
1.679231673479080200e-01
3.097779303789138794e-02
2.242043167352676392e-01
9.492639452219009399e-02
2.832418978214263916e-01
5.308063700795173645e-02
6.826177984476089478e-02
1.535941958427429199e-01
2.240087687969207764e-01
6.627603173255920410e-01
3.452203795313835144e-02
2.092990651726722717e-02
7.863985896110534668e-01
1.125833019614219666e-01
2.468001469969749451e-02
3.478757739067077637e-01
