7.895154356956481934e-01
1.378049850463867188e-01
6.762626171112060547e-01
1.921295374631881714e-01
1.302170455455780029e-01
1.762418746948242188e-01
9.062838554382324219e-01
1.590533107519149780e-01
3.322630226612091064e-01
7.666162401437759399e-02
4.380032047629356384e-02
7.669477462768554688e-01
2.959351241588592529e-01
5.970417261123657227e-01
3.202272355556488037e-01
1.028754040598869324e-01
2.081858068704605103e-01
1.758833080530166626e-01
8.650081157684326172e-01
2.510595321655273438e-01
7.857653498649597168e-01
1.373812109231948853e-01
8.971432447433471680e-01
6.177899837493896484e-01
5.716606378555297852e-01
1.119180396199226379e-01
4.415224194526672363e-01
5.384410172700881958e-02
1.076870784163475037e-01
6.341677904129028320e-02
3.435084819793701172e-01
3.826680183410644531e-01
3.065145201981067657e-02
5.305468663573265076e-02
1.099680438637733459e-01
2.542729377746582031e-01
6.746895313262939453e-01
2.555283904075622559e-02
5.560628324747085571e-02
1.084158644080162048e-01
6.326390504837036133e-01
8.665719628334045410e-02
4.169608280062675476e-02
1.788170486688613892e-01
3.925791382789611816e-01
4.782634228467941284e-02
3.240321576595306396e-01
4.569989442825317383e-02
5.479229092597961426e-01
1.485785394906997681e-01
1.993970274925231934e-01
2.510938346385955811e-01
2.089777588844299316e-01
8.260853886604309082e-01
4.419811815023422241e-02
5.703789368271827698e-02
8.974443674087524414e-01
2.295956015586853027e-01
1.125224605202674866e-01
1.689992547035217285e-01
