7.571447491645812988e-01
2.442869842052459717e-01
7.069724798202514648e-01
8.418489247560501099e-02
4.619884490966796875e-02
2.802177369594573975e-01
8.826701641082763672e-01
1.613705158233642578e-01
3.372006714344024658e-01
1.291597038507461548e-01
1.069586873054504395e-01
8.006634116172790527e-01
2.955088019371032715e-01
5.066841244697570801e-01
4.622197449207305908e-01
6.485878676176071167e-02
2.101315110921859741e-01
1.324403434991836548e-01
8.592476248741149902e-01
1.306278109550476074e-01
8.752188682556152344e-01
1.208129823207855225e-01
9.213180541992187500e-01
5.167245864868164062e-01
3.353376686573028564e-01
2.369283884763717651e-01
1.792548149824142456e-01
1.184088513255119324e-01
1.517734378576278687e-01
2.799929864704608917e-02
3.253434002399444580e-01
1.008111685514450073e-01
2.777606807649135590e-02
2.775288745760917664e-02
1.269758194684982300e-01
1.963676959276199341e-01
6.556436419486999512e-01
2.439563162624835968e-02
7.406739890575408936e-02
9.470615535974502563e-02
5.982067584991455078e-01
1.382438540458679199e-01
3.238508477807044983e-02
5.734323710203170776e-02
1.716752350330352783e-01
5.698185414075851440e-02
2.662814259529113770e-01
8.232733607292175293e-02
3.150565624237060547e-01
1.127127036452293396e-01
3.405418992042541504e-01
1.501602232456207275e-01
7.568920403718948364e-02
9.298771023750305176e-01
2.311064489185810089e-02
9.762317687273025513e-02
9.381564855575561523e-01
5.951404944062232971e-02
1.072856932878494263e-01
5.748067498207092285e-01
