8.121504187583923340e-01
1.024925932288169861e-01
8.837714195251464844e-01
2.403556406497955322e-01
2.411539852619171143e-02
6.737833619117736816e-01
9.576184153556823730e-01
3.459612429141998291e-01
9.407403469085693359e-01
5.463464558124542236e-02
4.864552617073059082e-02
9.288611412048339844e-01
3.713665902614593506e-01
2.694228887557983398e-01
6.069179177284240723e-01
3.516348451375961304e-02
5.258337780833244324e-02
4.722262322902679443e-01
6.159278750419616699e-01
2.949950397014617920e-01
5.073789954185485840e-01
1.915403008460998535e-01
7.680456042289733887e-01
2.602586150169372559e-01
6.640640497207641602e-01
4.112340807914733887e-01
2.027228474617004395e-01
4.874435067176818848e-02
5.606222152709960938e-02
8.660605549812316895e-02
5.251683592796325684e-01
3.249470889568328857e-01
1.646797358989715576e-02
1.147776376456022263e-02
8.752180635929107666e-02
1.175827458500862122e-01
3.817363679409027100e-01
9.043890051543712616e-03
5.815470591187477112e-02
1.892148144543170929e-02
7.272355556488037109e-01
3.109168708324432373e-01
1.756289228796958923e-02
3.367123305797576904e-01
8.957675099372863770e-02
6.464678049087524414e-02
3.952400982379913330e-01
4.014197364449501038e-02
3.602742254734039307e-01
1.646820902824401855e-01
2.926563024520874023e-01
3.186663091182708740e-01
2.658029496669769287e-01
6.373499631881713867e-01
1.517337262630462646e-01
9.706038981676101685e-02
8.598855137825012207e-01
2.596896886825561523e-01
1.764174364507198334e-02
1.469776481389999390e-01
