8.011829257011413574e-01
2.942259609699249268e-01
7.327241301536560059e-01
9.319455921649932861e-02
7.921039313077926636e-02
1.518619954586029053e-01
9.070370793342590332e-01
1.367937624454498291e-01
2.279750704765319824e-01
1.162500977516174316e-01
4.604328423738479614e-02
6.156467199325561523e-01
3.110303878784179688e-01
6.586829423904418945e-01
3.875116109848022461e-01
1.701275408267974854e-01
1.425529867410659790e-01
9.506618231534957886e-02
6.130543351173400879e-01
3.552607893943786621e-01
6.077711582183837891e-01
4.226483106613159180e-01
8.053135275840759277e-01
7.394965887069702148e-01
4.249719381332397461e-01
1.729983240365982056e-01
4.298385083675384521e-01
1.147630736231803894e-01
1.164106875658035278e-01
6.296038627624511719e-02
4.025795161724090576e-01
6.667079776525497437e-02
9.439412504434585571e-02
4.071695357561111450e-02
2.029677033424377441e-01
1.286068260669708252e-01
7.217885255813598633e-01
3.403795510530471802e-02
7.716899365186691284e-02
1.872553676366806030e-01
6.450504064559936523e-01
4.565336108207702637e-01
4.437310993671417236e-02
2.872081696987152100e-01
1.176931709051132202e-01
6.411876529455184937e-02
6.236497759819030762e-01
1.562639176845550537e-01
6.673895716667175293e-01
8.709278702735900879e-02
2.129375785589218140e-01
2.015856355428695679e-01
3.496713042259216309e-01
6.847731471061706543e-01
2.600715160369873047e-01
1.042305305600166321e-01
8.357193470001220703e-01
1.327240616083145142e-01
1.254677474498748779e-01
2.386158704757690430e-01
